xwaveincm_15112014_XXshifted
2645.14
2645.93
2646.72
2647.51
2648.3
2649.08
2649.87
2650.66
2651.45
2652.24
2653.03
2653.82
2654.61
2655.4
2656.19
2656.98
2657.77
2658.55
2659.35
2660.14
2660.93
2661.72
2662.51
2663.3
2664.09
2664.88
2665.67
2666.46
2667.25
2668.04
2668.83
2669.62
2670.41
2671.21
2672
2672.79
2673.58
2674.37
2675.16
2675.96
2676.75
2677.54
2678.33
2679.13
2679.92
2680.71
2681.5
2682.3
2683.09
2683.88
2684.68
2685.47
2686.26
2687.05
2687.85
2688.64
2689.44
2690.23
2691.02
2691.82
2692.61
2693.41
2694.2
2694.99
2695.79
2696.58
2697.38
2698.17
2698.97
2699.76
2700.56
2701.35
2702.15
2702.94
2703.74
2704.53
2705.33
2706.12
2706.92
2707.71
2708.51
2709.31
2710.1
2710.9
2711.7
2712.49
2713.29
2714.08
2714.88
2715.68
2716.48
2717.27
2718.07
2718.87
2719.67
2720.46
2721.26
2722.06
2722.85
2723.65
2724.45
2725.25
2726.05
2726.84
2727.64
2728.44
2729.24
2730.04
2730.84
2731.64
2732.43
2733.23
2734.03
2734.83
2735.63
2736.43
2737.23
2738.03
2738.83
2739.63
2740.43
2741.23
2742.03
2742.83
2743.63
2744.43
2745.23
2746.03
2746.83
2747.63
2748.43
2749.23
2750.03
2750.83
2751.64
2752.44
2753.24
2754.04
2754.84
2755.64
2756.45
2757.25
2758.05
2758.85
2759.65
2760.46
2761.26
2762.06
2762.86
2763.67
2764.47
2765.27
2766.07
2766.88
2767.68
2768.48
2769.29
2770.09
2770.89
2771.7
2772.5
2773.31
2774.11
2774.91
2775.72
2776.52
2777.33
2778.13
2778.94
2779.74
2780.54
2781.35
2782.15
2782.96
2783.76
2784.57
2785.38
2786.18
2786.98
2787.79
2788.6
2789.4
2790.21
2791.01
2791.82
2792.63
2793.43
2794.24
2795.05
2795.85
2796.66
2797.47
2798.27
2799.08
2799.89
2800.69
2801.5
2802.31
2803.12
2803.92
2804.73
2805.54
2806.35
2807.16
2807.96
2808.77
2809.58
2810.39
2811.2
2812
2812.81
2813.62
2814.43
2815.24
2816.05
2816.86
2817.67
2818.48
2819.29
2820.1
2820.9
2821.71
2822.52
2823.33
2824.14
2824.95
2825.76
2826.57
2827.39
2828.2
2829.01
2829.82
2830.63
2831.44
2832.25
2833.06
2833.87
2834.68
2835.49
2836.31
2837.12
2837.93
2838.74
2839.55
2840.37
2841.18
2841.99
2842.8
2843.61
2844.43
2845.24
2846.05
2846.86
2847.68
2848.49
2849.3
2850.12
2850.93
2851.74
2852.56
2853.37
2854.18
2855
2855.81
2856.63
2857.44
2858.25
2859.07
2859.88
2860.7
2861.51
2862.33
2863.14
2863.96
2864.77
2865.58
2866.4
2867.21
2868.03
2868.85
2869.66
2870.48
2871.29
2872.11
2872.92
2873.74
2874.56
2875.37
2876.19
2877.01
2877.82
2878.64
2879.46
2880.27
2881.09
2881.91
2882.72
2883.54
2884.36
2885.18
2885.99
2886.81
2887.63
2888.45
2889.26
2890.08
2890.9
2891.72
2892.54
2893.36
2894.17
2894.99
2895.81
2896.63
2897.45
2898.27
2899.09
2899.91
2900.73
2901.55
2902.36
2903.18
2904
2904.82
2905.64
2906.46
2907.28
2908.1
2908.92
2909.74
2910.57
2911.39
2912.21
2913.03
2913.85
2914.67
2915.49
2916.31
2917.13
2917.95
2918.78
2919.6
2920.42
2921.24
2922.06
2922.89
2923.71
2924.53
2925.35
2926.17
2927
2927.82
2928.64
2929.46
2930.29
2931.11
2931.93
2932.76
2933.58
2934.4
2935.23
2936.05
2936.87
2937.7
2938.52
2939.35
2940.17
2940.99
2941.82
2942.64
2943.47
2944.29
2945.12
2945.94
2946.77
2947.59
2948.42
2949.24
2950.07
2950.89
2951.72
2952.54
2953.37
2954.19
2955.02
2955.85
2956.67
2957.5
2958.33
2959.15
2959.98
2960.8
2961.63
2962.46
2963.28
2964.11
2964.94
2965.77
2966.59
2967.42
2968.25
2969.08
2969.9
2970.73
2971.56
2972.39
2973.21
2974.04
2974.87
2975.7
2976.53
2977.36
2978.19
2979.02
2979.84
2980.67
2981.5
2982.33
2983.16
2983.99
2984.82
2985.65
2986.48
2987.31
2988.14
2988.97
2989.8
2990.63
2991.46
2992.29
2993.12
2993.95
2994.78
2995.61
2996.44
2997.27
2998.1
2998.94
2999.77
3000.6
3001.43
3002.26
3003.09
3003.92
3004.76
3005.59
3006.42
3007.25
3008.09
3008.92
3009.75
3010.58
3011.42
3012.25
3013.08
3013.91
3014.75
3015.58
3016.41
3017.25
3018.08
3018.91
3019.75
3020.58
3021.42
3022.25
3023.09
3023.92
3024.75
3025.59
3026.42
3027.26
3028.09
3028.93
3029.76
3030.6
3031.43
3032.27
3033.1
3033.94
3034.77
3035.61
3036.45
3037.28
3038.12
3038.95
3039.79
3040.63
3041.46
3042.3
3043.14
3043.97
3044.81
3045.65
3046.48
3047.32
3048.16
3048.99
3049.83
3050.67
3051.51
3052.34
3053.18
3054.02
3054.86
3055.7
3056.53
3057.37
3058.21
3059.05
3059.89
3060.73
3061.56
3062.4
3063.24
3064.08
3064.92
3065.76
3066.6
3067.44
3068.28
3069.12
3069.96
3070.8
3071.64
3072.48
3073.32
3074.16
3075
3075.84
3076.68
3077.52
3078.36
3079.2
3080.04
3080.89
3081.73
3082.57
3083.41
3084.25
3085.09
3085.94
3086.78
3087.62
3088.46
3089.3
3090.15
3090.99
3091.83
3092.67
3093.51
3094.36
3095.2
3096.04
3096.89
3097.73
3098.57
3099.42
3100.26
3101.1
3101.95
3102.79
3103.63
3104.48
3105.32
3106.17
3107.01
3107.86
3108.7
3109.55
3110.39
3111.23
3112.08
3112.93
3113.77
3114.61
3115.46
3116.3
3117.15
3118
3118.84
3119.69
3120.53
3121.38
3122.23
3123.07
3123.92
3124.76
3125.61
3126.46
3127.31
3128.15
3129
3129.85
3130.69
3131.54
3132.39
3133.24
3134.08
3134.93
3135.78
3136.63
3137.47
3138.32
3139.17
3140.02
3140.87
3141.72
3142.56
3143.41
3144.26
3145.11
3145.96
3146.81
3147.66
3148.51
3149.36
3150.21
3151.06
3151.91
3152.76
3153.61
3154.46
3155.31
3156.16
3157.01
3157.86
3158.71
3159.56
3160.41
3161.26
3162.11
3162.96
3163.81
3164.66
3165.52
3166.37
3167.22
3168.07
3168.92
3169.77
3170.63
3171.48
3172.33
3173.18
3174.03
3174.89
3175.74
3176.59
3177.45
3178.3
3179.15
3180.01
3180.86
3181.71
3182.56
3183.42
3184.27
3185.13
3185.98
3186.83
3187.69
3188.54
3189.4
3190.25
3191.1
3191.96
3192.81
3193.67
3194.52
3195.38
3196.23
3197.09
3197.95
3198.8
3199.66
3200.51
3201.37
3202.22
3203.08
3203.93
3204.79
3205.65
3206.5
3207.36
3208.22
3209.07
3209.93
3210.79
3211.64
3212.5
3213.36
3214.22
3215.07
3215.93
3216.79
3217.65
3218.5
3219.36
3220.22
3221.08
3221.93
3222.79
3223.65
3224.51
3225.37
3226.23
3227.09
3227.95
3228.8
3229.66
3230.52
3231.38
3232.24
3233.1
3233.96
3234.82
3235.68
3236.54
3237.4
3238.26
3239.12
3239.98
3240.84
3241.7
3242.56
3243.42
3244.29
3245.15
3246.01
3246.87
3247.73
3248.59
3249.45
3250.31
3251.18
3252.04
3252.9
3253.76
3254.62
3255.49
3256.35
3257.21
3258.07
3258.94
3259.8
3260.66
3261.52
3262.39
3263.25
3264.11
3264.98
3265.84
3266.7
3267.57
3268.43
3269.3
3270.16
3271.02
3271.89
3272.75
3273.62
3274.48
3275.35
3276.21
3277.08
3277.94
3278.81
3279.67
3280.54
3281.4
3282.27
3283.13
3284
3284.86
3285.73
3286.6
3287.46
3288.33
3289.2
3290.06
3290.93
3291.8
3292.66
3293.53
3294.39
3295.26
3296.13
3297
3297.86
3298.73
3299.6
3300.47
3301.33
3302.2
3303.07
3303.94
3304.81
3305.68
3306.54
3307.41
3308.28
3309.15
3310.02
3310.89
3311.76
3312.63
3313.49
3314.36
3315.23
3316.1
3316.97
3317.84
3318.71
3319.58
3320.45
3321.32
3322.19
3323.06
3323.93
3324.8
3325.68
3326.55
3327.42
3328.29
3329.16
3330.03
3330.9
3331.77
3332.65
3333.52
3334.39
3335.26
3336.13
3337
3337.88
3338.75
3339.62
3340.49
3341.37
3342.24
3343.11
3343.98
3344.86
3345.73
3346.6
3347.48
3348.35
3349.22
3350.1
3350.97
3351.84
3352.72
3353.59
3354.47
3355.34
3356.22
3357.09
3357.97
3358.84
3359.72
3360.59
3361.47
3362.34
3363.22
3364.09
3364.97
3365.84
3366.72
3367.59
3368.47
3369.34
3370.22
3371.1
3371.97
3372.85
3373.73
3374.6
3375.48
3376.36
3377.23
3378.11
3378.99
3379.87
3380.74
3381.62
3382.5
3383.38
3384.25
3385.13
3386.01
3386.89
3387.77
3388.64
3389.52
3390.4
3391.28
3392.16
3393.04
3393.92
3394.79
3395.67
3396.55
3397.43
3398.31
3399.19
3400.07
3400.95
3401.83
3402.71
3403.59
3404.47
3405.35
3406.23
3407.11
3407.99
3408.88
3409.76
3410.64
3411.52
3412.4
3413.28
3414.16
3415.04
3415.92
3416.81
3417.69
3418.57
3419.45
3420.33
3421.22
3422.1
3422.98
3423.86
3424.75
3425.63
3426.51
3427.39
3428.28
3429.16
3430.05
3430.93
3431.81
3432.7
3433.58
3434.46
3435.35
3436.23
3437.12
3438
3438.88
3439.77
3440.65
3441.54
3442.42
3443.31
3444.19
3445.08
3445.96
3446.85
3447.73
3448.62
3449.5
3450.39
3451.28
3452.16
3453.05
3453.94
3454.82
3455.71
3456.59
3457.48
3458.37
3459.25
3460.14
3461.03
3461.92
3462.8
3463.69
3464.58
3465.46
3466.35
3467.24
3468.13
3469.02
3469.9
3470.79
3471.68
3472.57
3473.46
3474.35
3475.23
3476.12
3477.01
3477.9
3478.79
3479.68
3480.57
3481.46
3482.35
3483.24
3484.13
3485.02
3485.91
3486.8
3487.69
3488.58
3489.47
3490.36
3491.25
3492.14
3493.03
3493.92
3494.82
3495.71
3496.6
3497.49
3498.38
3499.27
3500.16
3501.06
3501.95
3502.84
3503.73
3504.62
3505.52
3506.41
3507.3
3508.19
3509.09
3509.98
3510.87
3511.77
3512.66
3513.55
3514.45
3515.34
3516.23
3517.13
3518.02
3518.92
3519.81
3520.7
3521.6
3522.49
3523.39
3524.28
3525.18
3526.07
3526.97
3527.86
3528.76
3529.65
3530.55
3531.44
3532.34
3533.23
3534.13
3535.03
3535.92
3536.82
3537.72
3538.61
3539.51
3540.4
3541.3
3542.2
3543.09
3543.99
3544.89
3545.79
3546.68
3547.58
3548.48
3549.38
3550.27
3551.17
3552.07
3552.97
3553.87
3554.77
3555.66
3556.56
3557.46
3558.36
3559.26
3560.16
3561.06
3561.96
3562.86
3563.75
3564.65
3565.55
3566.45
3567.35
3568.25
3569.15
3570.05
3570.95
3571.85
3572.75
3573.66
3574.56
3575.46
3576.36
3577.26
3578.16
3579.06
3579.96
3580.86
3581.76
3582.67
3583.57
3584.47
3585.37
3586.28
3587.18
3588.08
3588.98
3589.88
3590.79
3591.69
3592.59
3593.5
3594.4
3595.3
3596.2
3597.11
3598.01
3598.92
3599.82
3600.72
3601.63
3602.53
3603.44
3604.34
3605.24
3606.15
3607.05
3607.96
3608.86
3609.77
3610.67
3611.58
3612.48
3613.39
3614.29
3615.2
3616.11
3617.01
3617.92
3618.82
3619.73
3620.64
3621.54
3622.45
3623.35
3624.26
3625.17
3626.08
3626.98
3627.89
3628.8
3629.7
3630.61
3631.52
3632.43
3633.33
3634.24
3635.15
3636.06
3636.97
3637.88
3638.78
3639.69
3640.6
3641.51
3642.42
3643.33
3644.24
3645.15
3646.06
3646.96
3647.87
3648.78
3649.69
3650.6
3651.51
3652.42
3653.33
3654.24
3655.15
3656.06
3656.97
3657.89
3658.8
3659.71
3660.62
3661.53
3662.44
3663.35
3664.26
3665.18
3666.09
3667
3667.91
3668.82
3669.74
3670.65
3671.56
3672.47
3673.39
3674.3
3675.21
3676.12
3677.04
3677.95
3678.86
3679.78
3680.69
3681.6
3682.52
3683.43
3684.34
3685.26
3686.17
3687.09
3688
3688.92
3689.83
3690.74
3691.66
3692.57
3693.49
3694.41
3695.32
3696.24
3697.15
3698.07
3698.98
3699.9
3700.81
3701.73
3702.65
3703.56
3704.48
3705.4
3706.31
3707.23
3708.15
3709.06
3709.98
3710.9
3711.81
3712.73
3713.65
3714.57
3715.48
3716.4
3717.32
3718.24
3719.15
3720.07
3720.99
3721.91
3722.83
3723.75
3724.67
3725.58
3726.5
3727.42
3728.34
3729.26
3730.18
3731.1
3732.02
3732.94
3733.86
3734.78
3735.7
3736.62
3737.54
3738.46
3739.38
3740.3
3741.22
3742.14
3743.06
3743.98
3744.91
3745.83
3746.75
3747.67
3748.59
3749.51
3750.44
3751.36
3752.28
3753.2
3754.12
3755.05
3755.97
3756.89
3757.82
3758.74
3759.66
3760.58
3761.51
3762.43
3763.35
3764.28
3765.2
3766.12
3767.05
3767.97
3768.9
3769.82
3770.74
3771.67
3772.59
3773.52
3774.44
3775.37
3776.29
3777.22
3778.14
3779.07
3779.99
3780.92
3781.84
3782.77
3783.7
3784.62
3785.55
3786.47
3787.4
3788.33
3789.25
3790.18
3791.11
3792.03
3792.96
3793.89
3794.81
3795.74
3796.67
3797.6
3798.52
3799.45
3800.38
3801.31
3802.24
3803.16
3804.09
3805.02
3805.95
3806.88
3807.81
3808.74
3809.66
3810.59
3811.52
3812.45
3813.38
3814.31
3815.24
3816.17
3817.1
3818.03
3818.96
3819.89
3820.82
3821.75
3822.68
3823.61
3824.54
3825.47
3826.41
3827.34
3828.27
3829.2
3830.13
3831.06
3831.99
3832.93
3833.86
3834.79
3835.72
3836.65
3837.58
3838.52
3839.45
3840.38
3841.31
3842.25
3843.18
3844.12
3845.05
3845.98
3846.92
3847.85
3848.78
3849.71
3850.65
3851.58
3852.52
3853.45
3854.39
3855.32
3856.25
3857.19
3858.12
3859.06
3859.99
3860.93
3861.86
3862.8
3863.74
3864.67
3865.61
3866.54
3867.48
3868.41
3869.35
3870.29
3871.22
3872.16
3873.1
3874.03
3874.97
3875.91
3876.84
3877.78
3878.72
3879.65
3880.59
3881.53
3882.47
3883.41
3884.34
3885.28
3886.22
3887.16
3888.1
3889.04
3889.97
3890.91
3891.85
3892.79
3893.73
3894.67
3895.61
3896.55
3897.49
3898.43
3899.37
3900.31
3901.25
3902.19
3903.13
3904.06
3905.01
3905.95
3906.89
3907.83
3908.77
3909.71
3910.65
3911.59
3912.53
3913.48
3914.42
3915.36
3916.3
3917.24
3918.18
3919.13
3920.07
3921.01
3921.95
3922.9
3923.84
3924.78
3925.72
3926.67
3927.61
3928.55
3929.5
3930.44
3931.38
3932.33
3933.27
3934.21
3935.16
3936.1
3937.05
3937.99
3938.93
3939.88
3940.83
3941.77
3942.71
3943.66
3944.6
3945.55
3946.49
3947.44
3948.39
3949.33
3950.28
3951.22
3952.17
3953.12
3954.06
3955.01
3955.96
3956.9
3957.85
3958.79
3959.74
3960.69
3961.64
3962.58
3963.53
3964.48
3965.43
3966.37
3967.32
3968.27
3969.22
3970.17
3971.11
3972.06
3973.01
3973.96
3974.91
3975.86
3976.81
3977.76
3978.71
3979.65
3980.6
3981.55
3982.5
3983.45
3984.4
3985.35
3986.3
3987.25
3988.2
3989.15
3990.1
3991.06
3992.01
3992.96
3993.91
3994.86
3995.81
3996.76
3997.71
3998.66
3999.62
4000.57
4001.52
4002.47
4003.42
4004.38
4005.33
4006.28
4007.24
4008.19
4009.14
4010.09
4011.05
4012
4012.95
4013.91
4014.86
4015.81
4016.77
4017.72
4018.68
4019.63
4020.58
4021.54
4022.49
4023.45
4024.4
4025.36
4026.31
4027.27
4028.22
4029.18
4030.13
4031.09
4032.04
4033
4033.95
4034.91
4035.87
