3.375
-0.21429
-3
0.3
-3.3751
0.5
-1.5
-1.5
1
0.59999
-1.5
0.5
-8
-4.4999
2.9999
1.5
-4
-0.3
0.75001
0.5
0.74999
-3
-1
0.37501
1.8
-2.4
-0.37501
-5.5
-12.001
1.5
1
-0.85715
4.5001
-1.125
1.0714
-1.5
-2.1
-Inf
-0.42858
-7.4998
0.6
-2.1428
1
1.5
-0.6
-3.0002
-3.7501
-2.625
1.5
-2.25
-2.9999
3.7501
0.5
-Inf
0.27273
1.5001
-3.7499
-0.42857
3
-2.5
7.4998
0.375
-2.25
-2.3571
-6.0004
6.7501
2.9999
3.7501
-0.5
16.501
-1.5
0
0.5625
-2.9999
-4.5001
-2.25
3
1
Inf
-1.875
0
-0.375
Inf
-0.5
1.125
0.74998
-3.5
-2.25
-0.15
-Inf
-1.2857
-4.5001
-4.875
-2.1
-12.001
1.0714
-0.6
-7.5005
2.25
-Inf
-1.8
-8.5
-0.6
2
-Inf
-Inf
0.6
-0.3
-Inf
NaN
-0.375
-8.9997
Inf
0.1875
-Inf
0
3
1.5
-1.8
-0.37501
-1.9286
-0.5
-1.2
-2.7
0.75
0
NaN
-2.25
-2.9999
0.75001
-4
0.74999
0.5
0
1.2857
-2.9999
1.75
-1
-0
-0.16667
-0.375
-8.9997
-1.5
-1
-10.501
-6.0004
0
-0.9375
-2.9999
-1.5
6.0001
-8.9997
-10.501
-2.25
7.5005
-0.3
-1.2857
-0.83333
-1.5
1
-Inf
-3.5
-2.9999
-0.75
-2.25
-0.66667
-3.75
0.5625
6.0004
-5.5
-2.625
-Inf
-1.5
1.8
-2.25
0.75
2.25
-1
4.5
-Inf
10.501
0.40909
-2
-5.9998
-5
0
1.5
-1.5
-2.1
-1.75
0.75001
1.2
8.9997
-2.625
0.25
Inf
-0.3
0.25
-0.46154
0.95454
-3.7501
0.6
-1.5
8.9997
-0
0.16667
0.33333
-3
-4.4999
0.59999
0
-0
0.74998
4.4999
2.9999
-2.9999
-3.0002
-0.5625
-1.5
3
0
-2.1
-8.9997
0
-2.25
-1.0714
3.5
0.68182
1.5
-0.83333
-2.9999
-1.3333
-1.65
0.15
-0.13636
-0.25
4.5001
3.5
-0.3
-0.66667
-2
1
-Inf
-3
19.499
1.125
-2.25
-9.0005
-0.5
-1.5
7.4998
0.64285
-4.4999
0.74999
0
0
-1.5
-0.375
4.4999
Inf
0
-4.4999
-12.001
-0.42858
Inf
-2.9999
2.9999
3
2.9999
2.25
-0.3
-1.5
-0.64285
0.5
Inf
-1.5
-10.5
-0.83333
-1.6875
-0.75001
-2.9999
0.84375
0
0.75001
-3.375
-3
1.5
-0.45
0.27273
1
8.2501
-1.2857
1.125
-0.5625
-1.5
0
-0.42858
-Inf
0.75
-2.1
-1.5
4.4999
0.1875
0
1.2
-0.64285
-7.5001
-0.6
-1
-3.5
0.3
-1
1.125
1.5
-0.3
0.75001
2.2499
-0.64285
0
-1.5
1.125
0.66667
-0.64286
-1.75
-0.3
-2
-1
-0.96429
0
3
0
0.83333
-1
1.3125
0.5
-0.57692
7.4998
0
0.10714
1.5
0.90001
-0.40909
-1.875
-0.64285
-0.13636
-1.5
0.375
0
1.2857
-0.37501
-2.1
-0.5
-2
0
-1.875
1.5
-0.83333
0.5
-0.3
0.2647
0.33333
0
0
-0.34615
0.40909
0.75
-1.125
0.42857
-0.875
1.2
-0.32143
-1
-0.21428
-0.21428
-0.11538
-1.5
-0.9
-0.3
0.3
-0.5
0
0.5
-0.42858
-0.75
0.2
-1.1667
-0.42857
0.80769
-0.75
0.10714
-0.31579
0.46154
-0.075
0.75
0.33333
-0.20455
0.15
-0.54545
-1.1
-0.26471
-0.15
0.5625
-0.46875
-0.13636
-0.2
0
-0.10714
-0.055556
0.28846
0
-0.23077
0.46875
-2
0.11538
-0.17647
-0.70588
0.14286
0.25
0.32143
0.1579
0.055556
-0.75
0.42857
0
-0.16667
-0.61764
0.225
-0.057692
0.32609
-0.13043
-0.54
-0.64286
0.065217
0.15789
0.4375
0.23684
-0.17308
0.075
0.055556
-0.4375
0.15789
-0.21429
-0.090909
-0.15517
0.4375
0.26471
-0.23438
-0.17308
0.048387
0.065217
0.12
0.05
0.088235
-0.26471
-0.13235
0.090909
-0.042857
0.7742
-0.16667
0.0375
0.25862
0.13235
-0.085714
-0.125
-0.2027
0.1
-0.17647
0.11538
0.13235
0.36364
0.038462
0.11538
0.29268
-0.3
0.27632
0
0.375
0.31395
0.14286
-0.24324
0.41861
0.42188
0.20833
-0.375
-0.15789
-0.034091
0.032609
0
0.17045
-0.069768
0.16667
0.061224
0.034884
0.17857
0.065217
0.25714
-0.15
-0.13636
0
0.21429
0.17045
-0.21429
0
0.10909
-0.032609
0.061224
0.1
0.077586
0.095745
0.23913
0.1
-0.18
0.24107
0.20339
-0.14151
0
0.15
0.24
0.15625
0.31731
0.2
0.21429
0.43333
0
0.18
0.10909
-0.098361
-0.024194
0.076271
0.11111
0.16981
0.025
-0.12295
0.22727
0.2381
0.22881
0.19444
0.15217
0.15217
0.14384
0.13636
0.11905
0.21429
0.16901
0.16901
0
0.35821
0.045455
0.095238
0.21711
0.070312
0.078947
0.022388
-0.02027
0.21951
0.018987
0.19481
-0.040541
0.23684
0.15672
0.17143
0.22917
0.16667
0.27273
-0.12329
0
0.097403
0.11538
0.31875
0.17391
0.17647
0.086207
0.20886
0.10843
0.22941
0.090361
0.20886
0.27632
0
0.26923
0.14674
0.098901
0.017442
0.19481
0.23077
0.14286
0.22105
0.37079
0.051136
0.10714
0.25806
0.22105
0.1978
0.15464
0.16129
0.17241
0.24742
0.20388
0.088235
0.17553
0.12245
0.11429
0.19307
0.014851
0.17647
0.0625
0.18182
0.091837
0.125
0.16957
0.12162
0.18421
0.21845
0.17857
0.17411
0.23894
0.26389
0.24757
0.18261
0.18908
0.28125
0.040909
0.2521
0.144
0.26923
0.18103
0.19355
0.22881
0.19835
0.2582
0.15984
0.15789
0.092308
0.228
0.21074
0.26033
0.276
0.32609
0.2907
0.048387
0.37179
0.29771
0.43805
0.17021
0.23507
0.28261
0.18478
0.27372
0.32609
0.33333
0.32609
0.29195
0.24643
0.11842
0.33696
0.26897
0.28571
0.15894
0.18367
0.19608
0.34459
0.26174
0.15341
0.28808
0.2549
0.26415
0.28947
0.25455
0.24074
0.22086
0.30937
0.2259
0.28302
0.19889
0.19274
0.28916
0.23437
0.23077
0.31953
0.19207
0.21429
0.20571
0.29825
0.26842
0.30168
0.30769
0.30159
0.21538
0.28723
0.2561
0.25472
0.25135
0.33333
0.2602
0.24615
0.23721
0.27778
0.20179
0.32927
0.31429
0.22749
0.2212
0.28507
0.31429
0.26555
0.34028
0.28924
0.23125
0.34821
0.2765
0.24777
0.22041
0.27753
0.26116
0.37991
0.29757
0.28125
0.23222
0.32558
0.26939
0.24231
0.30252
0.2988
0.25403
0.29554
0.31641
0.318
0.25394
0.25095
0.34884
0.25651
0.31272
0.26374
0.21269
0.21818
0.23322
0.29336
0.27993
0.29359
0.29779
0.29016
0.21791
0.27993
0.21287
0.37889
0.26175
0.23344
0.27632
0.23226
0.23885
0.26358
0.22816
0.25893
0.29221
0.27619
0.28391
0.23558
0.21028
0.22941
0.28882
0.21365
0.29279
0.24052
0.22321
0.29268
0.22034
0.24167
0.28125
0.22414
0.23932
0.24583
0.24868
0.22164
0.21316
0.2633
0.22333
0.24324
0.25346
0.28346
0.22292
0.24505
0.23625
0.22105
0.2803
0.24693
0.22577
0.21588
0.23759
0.23105
0.29777
0.21325
0.23438
0.16629
0.22759
0.22887
0.27494
0.23385
0.22333
0.18881
0.20236
0.20915
0.22483
0.25781
0.22088
0.23753
0.22813
0.20975
0.20168
0.1821
0.21384
0.21255
0.22121
0.18607
0.23301
0.24057
0.18227
0.22414
0.18462
0.24
0.19602
0.2052
0.15804
0.17742
0.23179
0.20709
0.20879
0.20773
0.20293
0.1849
0.18199
0.16189
0.18782
0.21207
0.20352
0.21429
0.16106
0.17723
0.17981
0.19951
0.23887
0.18108
0.18367
0.19966
0.21704
0.17018
0.1881
0.22443
0.21495
0.22986
0.16641
0.22628
0.2027
0.1831
0.17991
0.21101
0.24349
0.20426
0.21026
0.19942
0.19742
0.21338
0.20069
0.1914
0.21552
0.21339
0.2
0.19703
0.1824
0.22446
0.21398
0.2022
0.19726
0.21167
0.19726
0.20225
0.19336
0.2249
0.23514
0.22134
0.21899
0.21976
0.23108
0.23747
0.20948
0.21728
0.23962
0.23276
0.2278
0.20696
0.22859
0.19712
0.21454
0.24182
0.23264
0.23337
0.23022
0.21727
0.2497
0.24063
0.19658
0.21529
0.22632
0.21404
0.2432
0.21209
0.24074
0.23658
0.22732
0.23849
0.21996
0.23849
0.22772
0.23504
0.22428
0.24359
0.22685
0.22222
0.22228
0.26927
0.25051
0.20821
0.22023
0.24153
0.25452
0.25446
0.26239
0.26273
0.24898
0.26627
0.25049
0.25581
0.25681
0.24718
0.24194
0.25426
0.24269
0.24429
0.22757
0.23605
0.22584
0.25454
0.23995
0.25626
0.24321
0.25951
0.22519
0.2513
0.25924
0.2399
0.23724
0.23828
0.24328
0.26735
0.2532
0.23243
0.23375
0.25268
0.2447
0.27349
0.25875
0.24221
0.2352
0.25444
0.25794
0.23318
0.24613
0.24905
0.2366
0.22949
0.24413
0.23933
0.24511
0.24926
0.23856
0.24413
0.2341
0.24516
0.23724
0.23662
0.23363
0.24458
0.22775
0.23029
0.22135
0.21188
0.22892
0.21991
0.20297
0.23493
0.23267
0.22743
0.20571
0.20935
0.22642
0.21387
0.22439
0.21376
0.21145
0.19513
0.22696
0.21257
0.20899
0.20755
0.2059
0.19665
0.20109
0.21566
0.20483
0.19377
0.19475
0.2035
0.19757
0.18943
0.18583
0.18846
0.18865
0.19434
0.21323
0.20268
0.19498
0.19407
0.1834
0.18562
0.1864
0.17885
0.1718
0.18283
0.17647
0.17808
0.17546
0.1751
0.16829
0.16304
0.16861
0.1682
0.17057
0.17165
0.16643
0.16651
0.14831
0.15601
0.16194
0.14699
0.15148
0.14751
0.14697
0.14474
0.14768
0.15026
0.14769
0.13988
0.14377
0.13393
0.1405
0.14203
0.13676
0.13499
0.13241
0.1224
0.1416
0.13707
0.12238
0.13998
0.13028
0.12953
0.12911
0.11722
0.12596
0.11662
0.10455
0.12109
0.12734
0.11099
0.11469
0.12123
0.12203
0.10703
0.11464
0.11853
0.10429
0.09823
0.11165
0.10406
0.10627
0.11048
0.10327
0.097594
0.1087
0.098809
0.097256
0.098336
0.096134
0.099287
0.094283
0.096198
0.091857
0.098645
0.092568
0.1029
0.087722
0.094676
0.092109
0.090153
0.09233
0.088766
0.087176
0.087121
0.089628
0.08683
0.082498
0.08441
0.079289
0.087809
0.077463
0.083159
0.083993
0.084914
0.072824
0.080317
0.078877
0.073401
0.074733
0.078877
0.084807
0.079712
0.070211
0.079838
0.083309
0.076065
0.072887
0.071813
0.0688
0.073974
0.07614
0.072248
0.06899
0.071429
0.074576
0.08284
0.061445
0.07177
0.071532
0.067915
0.074084
0.068295
0.073653
0.064045
0.065307
0.063549
0.065038
0.060494
0.063078
0.066121
0.063317
0.060383
0.062237
0.064162
0.06839
0.064949
0.068961
0.065417
0.066504
0.063018
0.060602
0.067934
0.060694
0.067891
0.065021
0.060767
0.069467
0.063154
0.069429
0.072477
0.064092
0.058333
0.061408
0.067194
0.064951
0.057588
0.055687
0.063397
0.05832
0.064464
0.065253
0.064297
0.061616
0.059967
0.058998
0.059935
0.063769
0.057836
0.057738
0.06008
0.053369
0.059366
0.061594
0.056206
0.062616
0.055735
0.052386
0.052221
0.047431
0.053101
0.049213
0.048673
0.049174
0.050027
0.047057
0.052887
0.046991
0.045467
0.043786
0.043011
0.038365
0.035559
0.043024
0.042747
0.04663
0.040905
0.040385
0.045366
0.032636
0.041955
0.040372
0.035923
0.027111
0.036139
0.033014
0.03166
0.032636
0.034434
0.031058
0.030845
0.034205
0.026043
0.032764
0.032645
0.031405
0.028967
0.027091
0.028975
0.02665
0.022721
0.029865
0.024867
0.030778
0.020091
0.022284
0.02732
0.025358
0.025081
0.02524
0.025118
0.02295
0.023064
0.024728
0.02327
0.027909
0.024201
0.021295
0.017937
0.016565
0.020444
0.023853
0.019358
0.022652
0.022092
0.020985
0.019219
0.019432
0.015306
0.015498
0.020548
0.022611
0.015365
0.01357
0.024008
0.020784
0.021825
0.018426
0.018249
0.01676
0.013016
0.015625
0.014131
0.022976
0.01411
0.018345
0.013956
0.016911
0.01205
0.013188
0.013377
0.017857
0.018214
0.020548
0.016222
0.015403
0.01481
0.018409
0.019661
0.014057
0.015252
0.01375
0.011802
0.015194
0.0099922
0.016084
0.017871
0.010668
0.011933
0.01808
0.015515
0.010748
0.012097
0.013536
0.0081898
0.012356
0.015912
0.015567
0.016564
0.010071
0.013989
0.0088795
0.015531
0.0082452
0.011578
0.011049
0.013304
0.014417
0.012622
0.01428
0.0052957
0.0068587
0.0095281
0.019507
0.016024
0.012605
0.007772
0.016106
0.012057
0.0064042
0.011964
0.011089
0.010057
0.020916
0.01001
0.0082831
0.015536
0.012931
0.012336
0.0097297
0.016501
0.0098093
0.0080128
0.013615
0.0058496
0.012966
0.0084746
0.0067416
0.011838
0.0043579
0.00087822
0.0044723
0.013505
0.020061
0.0028107
0.0037665
0.010325
-0.0027795
0.009311
0
0.0009715
0.007772
0.018352
0.0098814
0.020696
0.014881
0.0069124
0.007
0.011096
0.0091093
0.011419
0.0021142
0.0096567
0.0042949
-0.0022157
0.013294
0.0045079
0.005597
0.015849
0.012268
0.010605
0.014651
0.011755
0.005814
0.0011848
0.0098684
0.0012225
0.0061678
0.0099174
0.0024855
0.016304
0.0066372
0.0067385
0.0054348
0.0054496
0.0053571
0.0068058
0.0040541
0.012477
0.010919
0.0067507
0.012919
0.040616
0.015865
0.0071908
0.013069
-0.0042254
-0.0098684
0.002893
-0.00154
0.0165
0.0029762
-0.003003
0.0047368
-0.0059583
0.018595
0.0063224
-0.0031088
-0.0015806
0.0016146
-0.0032017
-0.0066593
0.013423
0.019802
0.019149
0.011798
0.013905
0.010297
0.0065359
0.0065862
0.0034169
0.013873
-0.0017401
0.0017523
-0.0017921
0.0035842
0.010896
0.010909
0
0.0036991
0.020833
0.0073892
-0.007722
-0.011436
0.0057618
-0.0077922
0.0076628
0.010027
0.0020548
-0.0078637
0.0083799
0
0
0.0039012
-0.005992
0.014543
0
0.040773
-0.0021398
0.0042735
0.010653
-0.0045386
-0.0064286
-0.013616
-0.0066274
0.0045872
-0.009009
0.0023077
0.011646
0.0047468
-0.020963
0.027735
0.0047544
-0.030327
0
0.014331
-0.0095694
-0.028081
-0.0097245
-0.002455
-0.014682
-0.0075885
-0.012235
-0.023156
-0.014706
-0.010345
-0.0026786
0.016071
0.025952
-0.010733
-0.0082873
-0.015817
-0.018072
-0.019626
-0.013636
-0.0053097
-0.0053667
-0.022263
-0.01434
-0.028409
-0.034221
-0.017857
0
-0.019886
-0.0028355
-0.036511
-0.049611
-0.026946
-0.02381
0.003125
-0.025316
-0.0059761
0
-0.018634
0.009018
-0.006263
-0.013015
-0.019397
0.003178
-0.048387
0.0067416
-0.0098901
0.0069284
-0.013575
-0.0066964
0.0035629
-0.014634
-0.014388
0.017606
-0.02148
-0.014925
0.011392
-0.019133
-0.011628
0.021687
-0.0036585
-0.011568
-0.011811
0.0039062
0.0039267
-0.0077519
0.02038
0.02027
0.016393
-0.0041322
0.01626
0.012535
-0.01676
0.012676
-0.029915
-0.040431
-0.016901
0
-0.029577
-0.009375
0.01372
-0.013975
-0.014196
0.014151
-0.004644
-0.02027
-0.005102
-0.0046584
-0.035354
-0.04485
-0.0096774
0.045918
-0.020202
-0.015358
-0.021352
0.021818
-0.016791
-0.039179
0.017578
-0.02214
0
0.026224
-0.029528
-0.041176
-0.022814
-0.037815
0
-0.0061728
0.035857
0.025316
0.019397
0.037344
-0.05
