2645.1
2645.9
2646.7
2647.5
2648.3
2649.1
2649.9
2650.7
2651.4
2652.2
2653
2653.8
2654.6
2655.4
2656.2
2657
2657.8
2658.6
2659.3
2660.1
2660.9
2661.7
2662.5
2663.3
2664.1
2664.9
2665.7
2666.5
2667.2
2668
2668.8
2669.6
2670.4
2671.2
2672
2672.8
2673.6
2674.4
2675.2
2676
2676.8
2677.5
2678.3
2679.1
2679.9
2680.7
2681.5
2682.3
2683.1
2683.9
2684.7
2685.5
2686.3
2687.1
2687.8
2688.6
2689.4
2690.2
2691
2691.8
2692.6
2693.4
2694.2
2695
2695.8
2696.6
2697.4
2698.2
2699
2699.8
2700.6
2701.3
2702.2
2702.9
2703.7
2704.5
2705.3
2706.1
2706.9
2707.7
2708.5
2709.3
2710.1
2710.9
2711.7
2712.5
2713.3
2714.1
2714.9
2715.7
2716.5
2717.3
2718.1
2718.9
2719.7
2720.5
2721.3
2722.1
2722.8
2723.7
2724.4
2725.2
2726.1
2726.8
2727.6
2728.4
2729.2
2730
2730.8
2731.6
2732.4
2733.2
2734
2734.8
2735.6
2736.4
2737.2
2738
2738.8
2739.6
2740.4
2741.2
2742
2742.8
2743.6
2744.4
2745.2
2746
2746.8
2747.6
2748.4
2749.2
2750
2750.8
2751.6
2752.4
2753.2
2754
2754.8
2755.6
2756.4
2757.2
2758.1
2758.8
2759.7
2760.5
2761.3
2762.1
2762.9
2763.7
2764.5
2765.3
2766.1
2766.9
2767.7
2768.5
2769.3
2770.1
2770.9
2771.7
2772.5
2773.3
2774.1
2774.9
2775.7
2776.5
2777.3
2778.1
2778.9
2779.7
2780.5
2781.3
2782.2
2783
2783.8
2784.6
2785.4
2786.2
2787
2787.8
2788.6
2789.4
2790.2
2791
2791.8
2792.6
2793.4
2794.2
2795.1
2795.8
2796.7
2797.5
2798.3
2799.1
2799.9
2800.7
2801.5
2802.3
2803.1
2803.9
2804.7
2805.5
2806.3
2807.2
2808
2808.8
2809.6
2810.4
2811.2
2812
2812.8
2813.6
2814.4
2815.2
2816.1
2816.9
2817.7
2818.5
2819.3
2820.1
2820.9
2821.7
2822.5
2823.3
2824.1
2824.9
2825.8
2826.6
2827.4
2828.2
2829
2829.8
2830.6
2831.4
2832.2
2833.1
2833.9
2834.7
2835.5
2836.3
2837.1
2837.9
2838.7
2839.6
2840.4
2841.2
2842
2842.8
2843.6
2844.4
2845.2
2846.1
2846.9
2847.7
2848.5
2849.3
2850.1
2850.9
2851.7
2852.6
2853.4
2854.2
2855
2855.8
2856.6
2857.4
2858.2
2859.1
2859.9
2860.7
2861.5
2862.3
2863.1
2864
2864.8
2865.6
2866.4
2867.2
2868
2868.8
2869.7
2870.5
2871.3
2872.1
2872.9
2873.7
2874.6
2875.4
2876.2
2877
2877.8
2878.6
2879.5
2880.3
2881.1
2881.9
2882.7
2883.5
2884.4
2885.2
2886
2886.8
2887.6
2888.4
2889.3
2890.1
2890.9
2891.7
2892.5
2893.4
2894.2
2895
2895.8
2896.6
2897.4
2898.3
2899.1
2899.9
2900.7
2901.6
2902.4
2903.2
2904
2904.8
2905.6
2906.5
2907.3
2908.1
2908.9
2909.7
2910.6
2911.4
2912.2
2913
2913.8
2914.7
2915.5
2916.3
2917.1
2917.9
2918.8
2919.6
2920.4
2921.2
2922.1
2922.9
2923.7
2924.5
2925.3
2926.2
2927
2927.8
2928.6
2929.5
2930.3
2931.1
2931.9
2932.8
2933.6
2934.4
2935.2
2936.1
2936.9
2937.7
2938.5
2939.3
2940.2
2941
2941.8
2942.6
2943.5
2944.3
2945.1
2945.9
2946.8
2947.6
2948.4
2949.2
2950.1
2950.9
2951.7
2952.5
2953.4
2954.2
2955
2955.8
2956.7
2957.5
2958.3
2959.2
2960
2960.8
2961.6
2962.5
2963.3
2964.1
2964.9
2965.8
2966.6
2967.4
2968.2
2969.1
2969.9
2970.7
2971.6
2972.4
2973.2
2974
2974.9
2975.7
2976.5
2977.4
2978.2
2979
2979.8
2980.7
2981.5
2982.3
2983.2
2984
2984.8
2985.7
2986.5
2987.3
2988.1
2989
2989.8
2990.6
2991.5
2992.3
2993.1
2993.9
2994.8
2995.6
2996.4
2997.3
2998.1
2998.9
2999.8
3000.6
3001.4
3002.3
3003.1
3003.9
3004.8
3005.6
3006.4
3007.2
3008.1
3008.9
3009.8
3010.6
3011.4
3012.2
3013.1
3013.9
3014.8
3015.6
3016.4
3017.2
3018.1
3018.9
3019.8
3020.6
3021.4
3022.2
3023.1
3023.9
3024.8
3025.6
3026.4
3027.3
3028.1
3028.9
3029.8
3030.6
3031.4
3032.3
3033.1
3033.9
3034.8
3035.6
3036.4
3037.3
3038.1
3038.9
3039.8
3040.6
3041.5
3042.3
3043.1
3044
3044.8
3045.7
3046.5
3047.3
3048.2
3049
3049.8
3050.7
3051.5
3052.3
3053.2
3054
3054.9
3055.7
3056.5
3057.4
3058.2
3059.1
3059.9
3060.7
3061.6
3062.4
3063.2
3064.1
3064.9
3065.8
3066.6
3067.4
3068.3
3069.1
3070
3070.8
3071.6
3072.5
3073.3
3074.2
3075
3075.8
3076.7
3077.5
3078.4
3079.2
3080
3080.9
3081.7
3082.6
3083.4
3084.2
3085.1
3085.9
3086.8
3087.6
3088.5
3089.3
3090.2
3091
3091.8
3092.7
3093.5
3094.4
3095.2
3096
3096.9
3097.7
3098.6
3099.4
3100.3
3101.1
3101.9
3102.8
3103.6
3104.5
3105.3
3106.2
3107
3107.9
3108.7
3109.6
3110.4
3111.2
3112.1
3112.9
3113.8
3114.6
3115.5
3116.3
3117.2
3118
3118.8
3119.7
3120.5
3121.4
3122.2
3123.1
3123.9
3124.8
3125.6
3126.5
3127.3
3128.2
3129
3129.8
3130.7
3131.5
3132.4
3133.2
3134.1
3134.9
3135.8
3136.6
3137.5
3138.3
3139.2
3140
3140.9
3141.7
3142.6
3143.4
3144.3
3145.1
3146
3146.8
3147.7
3148.5
3149.4
3150.2
3151.1
3151.9
3152.8
3153.6
3154.5
3155.3
3156.2
3157
3157.9
3158.7
3159.6
3160.4
3161.3
3162.1
3163
3163.8
3164.7
3165.5
3166.4
3167.2
3168.1
3168.9
3169.8
3170.6
3171.5
3172.3
3173.2
3174
3174.9
3175.7
3176.6
3177.4
3178.3
3179.2
3180
3180.9
3181.7
3182.6
3183.4
3184.3
3185.1
3186
3186.8
3187.7
3188.5
3189.4
3190.2
3191.1
3192
3192.8
3193.7
3194.5
3195.4
3196.2
3197.1
3197.9
3198.8
3199.7
3200.5
3201.4
3202.2
3203.1
3203.9
3204.8
3205.7
3206.5
3207.4
3208.2
3209.1
3209.9
3210.8
3211.6
3212.5
3213.4
3214.2
3215.1
3215.9
3216.8
3217.7
3218.5
3219.4
3220.2
3221.1
3221.9
3222.8
3223.7
3224.5
3225.4
3226.2
3227.1
3227.9
3228.8
3229.7
3230.5
3231.4
3232.2
3233.1
3234
3234.8
3235.7
3236.5
3237.4
3238.3
3239.1
3240
3240.8
3241.7
3242.6
3243.4
3244.3
3245.2
3246
3246.9
3247.7
3248.6
3249.4
3250.3
3251.2
3252
3252.9
3253.8
3254.6
3255.5
3256.3
3257.2
3258.1
3258.9
3259.8
3260.7
3261.5
3262.4
3263.2
3264.1
3265
3265.8
3266.7
3267.6
3268.4
3269.3
3270.2
3271
3271.9
3272.8
3273.6
3274.5
3275.3
3276.2
3277.1
3277.9
3278.8
3279.7
3280.5
3281.4
3282.3
3283.1
3284
3284.9
3285.7
3286.6
3287.5
3288.3
3289.2
3290.1
3290.9
3291.8
3292.7
3293.5
3294.4
3295.3
3296.1
3297
3297.9
3298.7
3299.6
3300.5
3301.3
3302.2
3303.1
3303.9
3304.8
3305.7
3306.5
3307.4
3308.3
3309.2
3310
3310.9
3311.8
3312.6
3313.5
3314.4
3315.2
3316.1
3317
3317.8
3318.7
3319.6
3320.4
3321.3
3322.2
3323.1
3323.9
3324.8
3325.7
3326.6
3327.4
3328.3
3329.2
3330
3330.9
3331.8
3332.7
3333.5
3334.4
3335.3
3336.1
3337
3337.9
3338.8
3339.6
3340.5
3341.4
3342.2
3343.1
3344
3344.9
3345.7
3346.6
3347.5
3348.3
3349.2
3350.1
3351
3351.8
3352.7
3353.6
3354.5
3355.3
3356.2
3357.1
3358
3358.8
3359.7
3360.6
3361.5
3362.3
3363.2
3364.1
3365
3365.8
3366.7
3367.6
3368.5
3369.3
3370.2
3371.1
3372
3372.8
3373.7
3374.6
3375.5
3376.4
3377.2
3378.1
3379
3379.9
3380.7
3381.6
3382.5
3383.4
3384.2
3385.1
3386
3386.9
3387.8
3388.6
3389.5
3390.4
3391.3
3392.2
3393
3393.9
3394.8
3395.7
3396.6
3397.4
3398.3
3399.2
3400.1
3400.9
3401.8
3402.7
3403.6
3404.5
3405.3
3406.2
3407.1
3408
3408.9
3409.8
3410.6
3411.5
3412.4
3413.3
3414.2
3415
3415.9
3416.8
3417.7
3418.6
3419.4
3420.3
3421.2
3422.1
3423
3423.9
3424.8
3425.6
3426.5
3427.4
3428.3
3429.2
3430.1
3430.9
3431.8
3432.7
3433.6
3434.5
3435.3
3436.2
3437.1
3438
3438.9
3439.8
3440.7
3441.5
3442.4
3443.3
3444.2
3445.1
3446
3446.8
3447.7
3448.6
3449.5
3450.4
3451.3
3452.2
3453.1
3453.9
3454.8
3455.7
3456.6
3457.5
3458.4
3459.2
3460.1
3461
3461.9
3462.8
3463.7
3464.6
3465.5
3466.3
3467.2
3468.1
3469
3469.9
3470.8
3471.7
3472.6
3473.5
3474.3
3475.2
3476.1
3477
3477.9
3478.8
3479.7
3480.6
3481.5
3482.3
3483.2
3484.1
3485
3485.9
3486.8
3487.7
3488.6
3489.5
3490.4
3491.2
3492.1
3493
3493.9
3494.8
3495.7
3496.6
3497.5
3498.4
3499.3
3500.2
3501.1
3501.9
3502.8
3503.7
3504.6
3505.5
3506.4
3507.3
3508.2
3509.1
3510
3510.9
3511.8
3512.7
3513.6
3514.4
3515.3
3516.2
3517.1
3518
3518.9
3519.8
3520.7
3521.6
3522.5
3523.4
3524.3
3525.2
3526.1
3527
3527.9
3528.8
3529.7
3530.6
3531.4
3532.3
3533.2
3534.1
3535
3535.9
3536.8
3537.7
3538.6
3539.5
3540.4
3541.3
3542.2
3543.1
3544
3544.9
3545.8
3546.7
3547.6
3548.5
3549.4
3550.3
3551.2
3552.1
3553
3553.9
3554.8
3555.7
3556.6
3557.5
3558.4
3559.3
3560.2
3561.1
3562
3562.9
3563.8
3564.7
3565.6
3566.4
3567.3
3568.2
3569.2
3570.1
3570.9
3571.8
3572.8
3573.7
3574.6
3575.5
3576.4
3577.3
3578.2
3579.1
3580
3580.9
3581.8
3582.7
3583.6
3584.5
3585.4
3586.3
3587.2
3588.1
3589
3589.9
3590.8
3591.7
3592.6
3593.5
3594.4
3595.3
3596.2
3597.1
3598
3598.9
3599.8
3600.7
3601.6
3602.5
3603.4
3604.3
3605.2
3606.2
3607.1
3608
3608.9
3609.8
3610.7
3611.6
3612.5
3613.4
3614.3
3615.2
3616.1
3617
3617.9
3618.8
3619.7
3620.6
3621.5
3622.4
3623.3
3624.3
3625.2
3626.1
3627
3627.9
3628.8
3629.7
3630.6
3631.5
3632.4
3633.3
3634.2
3635.2
3636.1
3637
3637.9
3638.8
3639.7
3640.6
3641.5
3642.4
3643.3
3644.2
3645.2
3646.1
3647
3647.9
3648.8
3649.7
3650.6
3651.5
3652.4
3653.3
3654.2
3655.2
3656.1
3657
3657.9
3658.8
3659.7
3660.6
3661.5
3662.4
3663.3
3664.3
3665.2
3666.1
3667
3667.9
3668.8
3669.7
3670.7
3671.6
3672.5
3673.4
3674.3
3675.2
3676.1
3677
3677.9
3678.9
3679.8
3680.7
3681.6
3682.5
3683.4
3684.3
3685.3
3686.2
3687.1
3688
3688.9
3689.8
3690.7
3691.7
3692.6
3693.5
3694.4
3695.3
3696.2
3697.2
3698.1
3699
3699.9
3700.8
3701.7
3702.7
3703.6
3704.5
3705.4
3706.3
3707.2
3708.2
3709.1
3710
3710.9
3711.8
3712.7
3713.7
3714.6
3715.5
3716.4
3717.3
3718.2
3719.2
3720.1
3721
3721.9
3722.8
3723.8
3724.7
3725.6
3726.5
3727.4
3728.3
3729.3
3730.2
3731.1
3732
3732.9
3733.9
3734.8
3735.7
3736.6
3737.5
3738.5
3739.4
3740.3
3741.2
3742.1
3743.1
3744
3744.9
3745.8
3746.8
3747.7
3748.6
3749.5
3750.4
3751.4
3752.3
3753.2
3754.1
3755.1
3756
3756.9
3757.8
3758.7
3759.7
3760.6
3761.5
3762.4
3763.3
3764.3
3765.2
3766.1
3767.1
3768
3768.9
3769.8
3770.7
3771.7
3772.6
3773.5
3774.4
3775.4
3776.3
3777.2
3778.1
3779.1
3780
3780.9
3781.8
3782.8
3783.7
3784.6
3785.6
3786.5
3787.4
3788.3
3789.2
3790.2
3791.1
3792
3793
3793.9
3794.8
3795.7
3796.7
3797.6
3798.5
3799.4
3800.4
3801.3
3802.2
3803.2
3804.1
3805
3805.9
3806.9
3807.8
3808.7
3809.7
3810.6
3811.5
3812.4
3813.4
3814.3
3815.2
3816.2
3817.1
3818
3819
3819.9
3820.8
3821.8
3822.7
3823.6
3824.5
3825.5
3826.4
3827.3
3828.3
3829.2
3830.1
3831.1
3832
3832.9
3833.9
3834.8
3835.7
3836.7
3837.6
3838.5
3839.4
3840.4
3841.3
3842.2
3843.2
3844.1
3845.1
3846
3846.9
3847.8
3848.8
3849.7
3850.7
3851.6
3852.5
3853.4
3854.4
3855.3
3856.2
3857.2
3858.1
3859.1
3860
3860.9
3861.9
3862.8
3863.7
3864.7
3865.6
3866.5
3867.5
3868.4
3869.3
3870.3
3871.2
3872.2
3873.1
3874
3875
3875.9
3876.8
3877.8
3878.7
3879.7
3880.6
3881.5
3882.5
3883.4
3884.3
3885.3
3886.2
3887.2
3888.1
3889
3890
3890.9
3891.8
3892.8
3893.7
3894.7
3895.6
3896.6
3897.5
3898.4
3899.4
3900.3
3901.2
3902.2
3903.1
3904.1
3905
3905.9
3906.9
3907.8
3908.8
3909.7
3910.7
3911.6
3912.5
3913.5
3914.4
3915.4
3916.3
3917.2
3918.2
3919.1
3920.1
3921
3921.9
3922.9
3923.8
3924.8
3925.7
3926.7
3927.6
3928.6
3929.5
3930.4
3931.4
3932.3
3933.3
3934.2
3935.2
3936.1
3937.1
3938
3938.9
3939.9
3940.8
3941.8
3942.7
3943.7
3944.6
3945.6
3946.5
3947.4
3948.4
3949.3
3950.3
3951.2
3952.2
3953.1
3954.1
3955
3956
3956.9
3957.8
3958.8
3959.7
3960.7
3961.6
3962.6
3963.5
3964.5
3965.4
3966.4
3967.3
3968.3
3969.2
3970.2
3971.1
3972.1
3973
3974
3974.9
3975.9
3976.8
3977.8
3978.7
3979.7
3980.6
3981.6
3982.5
3983.4
3984.4
3985.3
3986.3
3987.2
3988.2
3989.2
3990.1
3991.1
3992
3993
3993.9
3994.9
3995.8
3996.8
3997.7
3998.7
3999.6
4000.6
4001.5
4002.5
4003.4
4004.4
4005.3
4006.3
4007.2
4008.2
4009.1
4010.1
4011.1
4012
4012.9
4013.9
4014.9
4015.8
4016.8
4017.7
4018.7
4019.6
4020.6
4021.5
4022.5
4023.4
4024.4
4025.4
4026.3
4027.3
4028.2
4029.2
4030.1
4031.1
4032
4033
4033.9
4034.9
4035.9
